42
35
39
54
41
40
28
51
35
40
40
53
47
36
42
37
25
33
41
38
35
43
38
56
46
22
50
51
59
55
30
50
29
46
39
167
156
162
146
141
25
23
42
36
56
44
29
30
55
36
56
40
48
50
57
31
59
45
58
45
46
22
37
30
21
53
53
39
54
59
39
40
30
57
47
48
21
59
40
44
26
24
30
22
40
57
44
23
25
33
43
43
48
36
40
437
455
458
456
25
58
44
46
24
42
38
23
40
21
55
31
28
29
53
22
49
43
28
51
56
38
55
57
36
57
37
45
51
27
29
40
27
34
32
52
56
33
53
454
437
445
49
53
59
31
28
40
37
40
42
27
52
27
31
40
59
58
49
32
25
58
36
43
53
40
26
59
21
39
22
50
40
55
42
41
36
59
54
27
34
40
26
40
21
25
26
26
39
59
53
27
37
29
50
46
547
545
541
40
57
40
32
24
44
50
42
22
38
58
49
55
49
23
48
49
48
48
37
55
25
43
45
49
49
57
28
46
25
43
39
41
188
186
202
203
184
39
43
26
58
26
44
47
53
22
46
47
51
26
49
34
58
52
28
43
59
55
49
35
58
59
37
26
39
29
46
44
57
39
38
51
54
35
37
44
47
51
40
58
24
41
51
32
49
32
371
381
385
371
362
377
47
36
54
56
25
37
56
24
28
29
44
21
28
58
33
38
39
23
53
39
25
49
57
53
28
25
28
26
33
25
57
25
48
40
39
47
21
25
174
182
163
158
43
41
56
55
45
35
36
45
40
38
53
44
48
47
43
35
32
41
43
24
46
25
31
23
52
50
54
30
38
21
36
37
46
59
54
34
51
48
59
164
163
174
159
156
152
156
31
23
38
59
45
26
50
57
24
49
51
57
59
41
57
25
29
26
40
33
35
52
43
59
29
30
49
31
41
36
29
56
24
54
58
21
30
27
26
35
27
35
38
47
54
45
203
221
203
214
196
214
207
41
53
29
29
57
40
42
40
24
49
38
40
39
39
34
43
49
43
39
39
51
23
56
59
33
52
27
27
54
46
38
51
44
55
44
27
40
39
34
27
31
46
32
51
48
38
28
649
666
683
701
682
29
47
58
52
46
58
36
35
44
47
38
23
43
43
40
57
23
44
26
36
27
28
54
44
39
54
48
37
21
47
36
40
26
33
29
32
31
53
48
324
310
292
289
271
26
40
33
46
27
57
40
22
50
47
59
50
49
40
57
32
27
33
47
33
35
59
34
42
55
46
29
36
27
44
52
36
51
37
43
53
48
37
40
24
38
40
37
150
155
158
38
44
21
33
40
26
36
50
52
58
34
56
34
54
53
57
31
33
26
40
54
54
51
56
40
22
40
41
41
32
58
28
58
56
30
33
33
57
22
26
28
40
31
22
54
39
37
48
32
27
28
45
22
22
21
53
24
53
57
529
544
533
525
508
26
33
44
48
32
35
28
49
55
29
26
46
40
54
40
38
57
51
48
38
33
53
22
24
49
40
34
27
53
56
30
44
592
596
587
573
559
30
53
54
22
44
40
57
50
55
47
47
40
21
48
33
58
44
38
54
43
50
41
46
45
24
45
47
29
44
43
39
36
59
30
51
26
30
45
56
497
483
483
489
490
26
