720
12
60
4
260
260
260
251
35
39
32
36
42
35
41
43
38
37
39
33
49
39
47
49
32
34
40
43
37
37
34
40
39
34
39
35
43
41
37
39
48
32
33
36
42
45
40
47
36
42
41
42
39
38
40
31
31
43
39
37
47
40
48
47
37
44
42
34
46
39
49
44
42
39
41
37
39
48
47
44
49
36
42
32
34
44
36
49
38
34
42
43
32
40
44
32
43
37
44
49
49
34
44
36
48
32
35
35
31
33
43
33
33
33
32
41
32
41
32
31
39
47
38
40
34
38
37
40
36
41
44
35
36
49
49
34
36
38
45
36
41
33
31
41
41
44
33
47
40
49
38
36
44
37
48
43
40
42
33
39
156
152
155
155
159
159
158
41
40
36
46
35
49
44
36
43
33
42
49
32
40
37
42
38
45
41
45
36
42
31
46
49
47
48
33
36
48
46
31
32
47
32
46
44
38
46
38
41
34
48
32
48
31
45
48
46
32
48
36
39
48
47
32
47
48
35
45
36
39
45
37
31
34
48
42
39
38
40
41
34
40
38
33
39
357
365
360
36
37
37
40
43
31
32
45
40
36
44
33
48
41
42
32
44
40
45
40
40
37
45
35
41
34
46
39
38
44
31
41
39
33
35
48
37
39
40
45
32
41
45
49
47
46
40
41
33
36
45
37
34
48
31
31
37
36
48
37
40
32
41
43
40
49
47
34
42
36
35
48
39
37
48
44
49
38
47
39
42
47
42
49
32
37
40
46
35
44
33
34
45
34
35
40
46
40
34
42
33
33
36
35
48
33
40
44
35
45
34
37
41
47
41
34
35
36
47
40
40
42
42
39
48
37
37
38
40
32
49
49
34
34
46
35
47
40
33
38
32
44
48
33
35
40
33
32
38
34
35
44
35
47
43
47
40
31
45
36
40
49
43
38
39
41
33
49
40
39
41
35
45
34
37
32
38
33
37
34
44
48
49
46
49
40
47
36
48
31
45
48
38
45
47
33
43
31
41
45
49
45
41
49
41
40
32
35
48
48
49
36
48
34
46
43
37
37
31
31
38
45
36
41
36
39
43
46
41
35
49
44
34
42
48
37
37
173
172
173
182
182
187
190
45
47
32
38
48
46
40
34
40
45
43
43
48
49
45
38
40
34
37
31
34
31
49
37
39
40
31
40
38
39
37
33
40
42
37
47
39
39
42
46
46
37
48
46
40
41
47
31
44
35
48
31
35
35
47
37
40
31
40
40
40
37
46
49
36
47
40
38
31
46
49
42
40
40
38
46
41
37
46
47
41
46
36
47
32
45
43
40
35
33
43
36
49
31
39
46
37
37
44
38
33
35
42
34
35
46
39
45
48
32
48
35
40
48
37
45
33
33
39
36
34
42
33
49
44
42
47
49
38
36
34
35
38
31
43
40
34
34
37
47
43
32
40
40
44
33
33
40
39
43
37
32
47
42
37
48
38
32
46
31
48
49
35
38
49
41
42
49
33
31
37
36
32
33
46
41
36
34
34
44
41
46
41
44
37
42
32
39
40
47
48
44
44
49
49
36
49
45
46
40
44
38
31
44
39
32
38
41
39
49
41
31
447
438
429
427
424
426
433
40
45
46
32
38
47
43
40
40
47
43
35
44
47
